-----------------------------------------------------------------------------
   PRES   HGHT   TEMP   DWPT   RELH   MIXR   DRCT   SKNT   THTA   THTE   THTV
    hPa     m      C      C      %    g/kg    deg   knot     K      K      K
-----------------------------------------------------------------------------
 1000.0    -12
  978.0    180   20.4   16.5     78  12.22    180     16  295.4  330.7  297.6
  964.1    305   22.2   17.1     73  12.92    185     29  298.5  336.3  300.8
  954.0    397   23.6   17.6     69  13.45    188     35  300.8  340.5  303.2
  931.0    610   22.5   16.5     69  12.84    195     49  301.7  339.8  304.1
  925.0    667   22.2   16.2     69  12.68    200     48  302.0  339.7  304.3
  898.9    914   20.2   14.5     70  11.68    205     49  302.4  337.2  304.5
  867.6   1219   17.7   12.4     71  10.54    215     52  302.9  334.4  304.8
  850.0   1396   16.2   11.2     72   9.92    220     55  303.1  332.9  304.9
  807.6   1829   12.7    7.7     72   8.23    230     54  303.9  328.8  305.4
  804.0   1867   12.4    7.4     72   8.10    231     54  303.9  328.4  305.4
  778.7   2134   10.7    1.7     54   5.59    235     56  304.9  322.1  305.9
  766.0   2271    9.8   -1.2     46   4.60    237     56  305.3  319.7  306.2
  750.6   2438    8.4   -2.0     48   4.43    240     57  305.6  319.4  306.4
  723.2   2743    5.7   -3.4     52   4.14    240     57  305.9  318.9  306.7
  700.0   3011    3.4   -4.6     56   3.90    245     59  306.2  318.5  306.9
  676.0   3293    1.2   -5.8     60   3.69    245     63  306.8  318.5  307.5
  661.0   3473    1.6  -11.4     37   2.43    245     66  309.2  317.2  309.7
  645.9   3658    0.6  -12.4     37   2.29    245     69  310.1  317.7  310.5
  638.0   3757    0.0  -13.0     37   2.21    245     69  310.6  317.9  311.0
  598.1   4267   -4.1  -17.1     36   1.69    245     68  311.7  317.4  312.0
  579.0   4524   -6.1  -19.1     35   1.47    245     71  312.2  317.2  312.4
  568.0   4674   -5.7  -27.7     16   0.70    245     72  314.4  316.9  314.5
  553.3   4877   -6.9  -28.1     17   0.69    245     74  315.3  317.8  315.4
  500.0   5660  -11.5  -29.5     21   0.67    240     81  318.9  321.4  319.1
  494.0   5752  -12.1  -29.7     22   0.67    240     82  319.4  321.8  319.5
  491.5   5791  -12.3  -29.7     22   0.67    240     81  319.6  322.0  319.7
  485.0   5893  -12.9  -29.9     23   0.66                320.0  322.5  320.1
  461.0   6277  -16.7  -28.7     35   0.78                319.9  322.8  320.1
  425.0   6884  -19.9  -38.9     17   0.31                323.4  324.6  323.4
  400.0   7330  -23.3  -41.3     18   0.26                324.6  325.6  324.7
  322.0   8880  -36.9  -49.9     25   0.12                326.6  327.1  326.6
  300.0   9370  -38.7  -52.7     21   0.10                330.7  331.1  330.7
  250.0  10590  -47.5  -59.5     24   0.05                335.3  335.5  335.3
  218.0  11483  -55.1  -66.1     24   0.02                336.9  337.1  337.0
  213.0  11631  -55.3  -65.3     28   0.03                338.9  339.0  338.9
  206.0  11847  -50.9  -61.9     26   0.04                349.0  349.2  349.1
  200.0  12040  -51.9  -62.9     25   0.04                350.4  350.6  350.4
  150.0  13860  -61.9  -71.9     25   0.02                363.2  363.3  363.2
  129.0  14779  -67.3  -76.3     27   0.01                369.6  369.6  369.6
  127.0  14873  -67.5  -76.5     27   0.01                370.8  370.9  370.8
  116.0  15420  -65.9  -74.9     27   0.01                383.5  383.6  383.5
  100.0  16310  -69.9  -77.9     30   0.01                392.4  392.5  392.4
   94.6  16642  -69.5  -77.5     30   0.01                399.5  399.5  399.5
   91.4  16847  -70.5  -78.5     30   0.01                401.4  401.5  401.4
   87.9  17086  -60.5  -70.5     26   0.03                426.0  426.2  426.0
   75.3  18047  -62.9  -72.9     25   0.03                440.2  440.4  440.2
   70.0  18500  -61.1  -71.1     25   0.04                453.3  453.6  453.3
   67.0  18772  -58.1  -68.1     27   0.06                465.5  465.9  465.6
   50.0  20590  -61.3  -71.3     25   0.05                498.6  498.9  498.6
   44.1  21377  -56.5  -67.5     24   0.10                528.5  529.2  528.5
   30.0  23820  -56.1  -67.1     24   0.15                591.1  592.4  591.2
   27.3  24428  -49.9  -61.9     23   0.34                624.6  627.4  624.7
   23.5  25413  -47.3  -60.3     21   0.48                659.5  663.7  659.7
