-----------------------------------------------------------------------------
   PRES   HGHT   TEMP   DWPT   RELH   MIXR   DRCT   SKNT   THTA   THTE   THTV
    hPa     m      C      C      %    g/kg    deg   knot     K      K      K 
-----------------------------------------------------------------------------
 1000.0    185                                                               
  925.0    822                                                               
  919.0    874   -0.1   -0.2     99   4.12    240      3  279.7  291.3  280.4
  909.0    962    1.2    0.9     98   4.51    218      4  281.9  294.7  282.7
  890.0   1133    5.4    3.9     90   5.72    176      6  288.0  304.4  289.0
  880.7   1219    5.1    2.2     82   5.12    155      7  288.5  303.3  289.4
  879.0   1235    5.0    1.9     80   5.02    160      7  288.6  303.1  289.5
  862.0   1395    4.8    1.9     81   5.12    213      4  290.0  304.9  290.9
  850.0   1509    3.8    1.2     83   4.93    250      2  290.1  304.5  291.0
  839.0   1615    3.0    1.0     87   4.93    265      5  290.4  304.8  291.2
  818.0   1820    1.8   -2.3     74   3.97    294     11  291.2  302.9  291.9
  817.1   1829    1.7   -2.2     75   4.01    295     11  291.2  303.1  291.9
  803.0   1969    0.4    0.0     97   4.79    281     12  291.2  305.3  292.1
  786.6   2134   -0.8   -1.1     98   4.49    265     14  291.6  304.9  292.4
  758.0   2429   -3.1   -3.2     99   4.00    260     18  292.3  304.2  293.0
  757.2   2438   -3.1   -3.3     99   3.98    260     18  292.4  304.2  293.1
  732.0   2705   -4.3   -6.4     85   3.25    256     20  293.9  303.8  294.5
  728.5   2743   -4.6   -6.7     85   3.18    255     20  293.9  303.6  294.5
  700.0   3056   -7.5   -9.6     85   2.65    260     27  294.1  302.3  294.6
  668.0   3418  -10.9  -13.1     84   2.10    263     32  294.3  300.8  294.7
  656.0   3558  -12.3  -13.6     90   2.05    264     34  294.2  300.6  294.6
  652.0   3604  -13.1  -15.6     81   1.75    265     34  293.9  299.3  294.2
  647.4   3658  -12.9  -17.0     72   1.57    265     35  294.6  299.6  294.9
  646.0   3675  -12.9  -17.4     69   1.52    265     35  294.9  299.7  295.1
  641.0   3734  -12.7  -22.7     43   0.97    266     36  295.7  298.9  295.9
  631.0   3854  -13.9  -25.9     36   0.74    267     37  295.7  298.2  295.8
  625.0   3926  -14.1  -32.1     20   0.42    267     38  296.3  297.7  296.4
  616.0   4036  -14.7  -34.7     17   0.33    268     39  296.8  298.0  296.9
  611.0   4098  -14.1  -38.1     11   0.24    269     40  298.2  299.1  298.2
  606.0   4161  -14.5  -50.5      3   0.06    269     41  298.4  298.7  298.5
  598.0   4261  -14.7                         270     42  299.4         299.4
  597.5   4267  -14.7                         270     42  299.4         299.4
  551.0   4877  -17.9                         265     56  302.6         302.6
  546.0   4945  -18.3                         266     57  302.9         302.9
  518.0   5338  -19.3                         273     61  306.3         306.3
  507.8   5486  -20.2                         275     62  307.0         307.0
  500.0   5600  -20.9                         275     63  307.5         307.5
  467.0   6096  -24.4                         270     70  309.3         309.3
  437.0   6577  -27.7                         272     79  310.9         310.9
  433.0   6643  -27.3                         272     80  312.3         312.3
  400.0   7210  -28.7                         275     90  317.6         317.6
  395.0   7300  -28.7                         276     92  318.8         318.8
  394.0   7318  -28.7                         276     92  319.0         319.0
  377.5   7620  -31.1                         280     98  319.7         319.7
  337.0   8418  -37.5                         280    102  321.5         321.5
  302.9   9144  -43.7                         280    105  322.7         322.7
  300.0   9210  -44.3                         280    105  322.8         322.8
  297.0   9278  -45.1                         280    105  322.6         322.6
  250.0  10410  -54.5                         280    109  324.9         324.9
  246.0  10513  -55.5                         280    111  324.9         324.9
  240.0  10668  -56.6                         280    114  325.5         325.5
  235.0  10801  -57.6                         280    114  326.0         326.0
  221.0  11188  -60.5                         280    113  327.3         327.3
  217.8  11278  -60.5                         280    112  328.7         328.7
  204.0  11687  -60.5                         280     97  334.9         334.9
  200.0  11810  -61.1                         280     93  335.9         335.9
  197.5  11887  -61.3                         280     88  336.7         336.7
  183.0  12360  -62.5                         277     93  342.2         342.2
  170.4  12802  -61.8                         275     97  350.5         350.5
  169.0  12851  -61.7                         275     95  351.4         351.4
  164.0  13037  -62.5                         276     89  353.1         353.1
  155.0  13386  -60.9                         279     78  361.6         361.6
  150.0  13590  -61.3                         280     71  364.3         364.3
  147.0  13716  -60.5                         275     66  367.7         367.7
  146.0  13758  -60.3                         275     66  368.8         368.8
  128.0  14573  -61.9                         275     68  380.1         380.1
  123.0  14819  -60.9                         275     68  386.3         386.3
  119.0  15024  -61.1                         275     69  389.6         389.6
  116.0  15183  -59.7                         275     69  395.0         395.0
  115.0  15240  -57.9                         275     69  399.4         399.4
  115.0  15237  -57.9                         275     69  399.3         399.3
  113.0  15348  -57.7                         276     64  401.7         401.7
  107.0  15690  -59.1                         280     50  405.4         405.4
  100.0  16110  -62.1                         285     32  407.5         407.5
   90.8  16703  -63.9                         285     54  415.3         415.3
   89.9  16764  -63.8                         285     56  416.7         416.7
   85.5  17069  -63.1                         270     35  423.9         423.9
   82.6  17284  -62.7                         266     41  429.1         429.1
   80.2  17467  -61.3                         263     47  435.6         435.6
   77.5  17678  -57.1                         260     53  448.6         448.6
   76.7  17747  -55.7                         266     51  452.9         452.9
   73.9  17983  -55.2                         285     46  458.7         458.7
   70.5  18288  -54.6                         290     24  466.4         466.4
   70.0  18330  -54.5                         290     28  467.4         467.4
   68.5  18469  -53.5                         269     20  472.5         472.5
   67.2  18593  -54.4                         250     12  473.1         473.1
   60.8  19228  -59.1                         295     15  476.4         476.4
   58.1  19507  -59.7                         315     16  481.1         481.1
   55.4  19812  -60.4                         330     19  486.3         486.3
   52.7  20117  -61.1                         310     21  491.6         491.6
   51.9  20217  -61.3                         321     17  493.3         493.3
   50.9  20338  -59.5                         333     13  500.3         500.3
   50.0  20450  -60.5                         345      9  500.5         500.5
   47.8  20726  -62.3                         335     13  502.7         502.7
   46.1  20953  -63.7                         322     16  504.5         504.5
   43.3  21336  -59.7                         300     20  523.4         523.4
   43.1  21370  -59.3                         297     19  525.1         525.1
   41.3  21641  -59.9                         270     11  530.0         530.0
   40.3  21790  -60.3                         282     13  532.8         532.8
   39.3  21946  -59.0                         295     16  539.8         539.8
   38.6  22061  -58.1                         298     16  545.0         545.0
   35.9  22519  -57.1                         309     14  559.0         559.0
   35.7  22555  -57.3                         310     14  559.5         559.5
   34.0  22860  -58.6                         300      2  563.7         563.7
   33.9  22881  -58.7                         301      3  564.0         564.0
   30.9  23470  -58.4                         325     17  580.1         580.1
   30.0  23650  -58.3                         340     12  585.1         585.1
   29.4  23774  -58.3                         340     11  588.4         588.4
   26.7  24384  -58.5                           0      9  604.6         604.6
   25.7  24621  -58.5                         318      7  611.0         611.0
   24.0  25052  -56.5                         243      4  628.9         628.9
   23.1  25298  -56.8                         200      2  634.9         634.9
   22.4  25489  -57.1                         239      5  639.6         639.6
   21.2  25838  -54.7                         311     10  657.0         657.0
   21.0  25908  -54.7                         325     11  658.9         658.9
   20.0  26213  -54.9                           0     12  667.5         667.5
   20.0  26210  -54.9                         355     12  667.4         667.4
   18.8  26606  -54.1                         358     12  681.8         681.8
   17.3  27127  -54.1                         355     13  697.8         697.8
   16.5  27432  -54.1                         340     11  707.3         707.3
   16.3  27521  -54.1                         347     12  710.1         710.1
   15.8  27737  -54.6                           5     15  715.5         715.5
   14.3  28346  -55.9                         310      2  730.9         730.9
   14.1  28446  -56.1                         313      3  733.4         733.4
   12.4  29261  -54.6                         340     14  766.0         766.0
   11.8  29566  -54.0                         345     26  778.5         778.5
   11.7  29637  -53.9                         342     25  781.4         781.4
   10.5  30329  -55.7                         316     18  799.3         799.3
   10.2  30480  -55.0                         310     16  807.3         807.3
   10.0  30640  -54.3                         320     21  815.8         815.8
    9.5  30970  -52.7                         318     21  833.9         833.9
    8.3  31839  -53.9                         313     20  862.0         862.0
    7.7  32309  -56.1                         310     20  871.6         871.6
    7.5  32485  -56.9                                     875.1         875.1

