
178 
ASUS02 KWBC 281800
CODSUS
 
CODED SURFACE FRONTAL POSITIONS
NWS WEATHER PREDICTION CENTER COLLEGE PARK MD
342 PM EDT MON JUN 28 2021
 
VALID 062818Z
HIGHS 1022 3961069 1020 3851069 1026 3750773 1022 4430845 1019 5520728 1018
5870981 1022 5330970 1017 5191241 1020 6151460 1019 6771131 1025 4971038 1017
5891314 1019 5141164 1022 3820896 1017 6420957 1019 3551050
LOWS 1016 4510934 1002 3441145 1003 4271229 1002 4471230 1009 4631181 1011
4771222 1012 3261004 1011 3121029 1017 4580752 1015 5400823 6071080 1018
6641046 1005 6860723 1013 6331415 5041213 1016 5671009 1001 6180408 995 6450443
992 7380481 998 5400466 998 7020564 1019 5601435 1005 4391277 1013 3220794
TROF 2971023 2831018 2691008 2531003
TROF 2911100 2681082 2511055 2431024
TROF 2860962 2790967
TROF 1830950 1720951
TROF 3441146 3501163 3631189 3811211 4041225 4251229
TROF 4261230 4371219 4531198 4621181
TROF 3111029 3051028 2971028
STNRY 3241005 3191010 3151019 3121029
TROF 6631048 6691046 6751052 6821062 6891063 7101034
TROF 5410825 5480832 5550830 5650823 5890825
TROF 4281231 4381233 4431232 4531228 4631225 4701222 4721222 4761222 4831226
4861229 4921231 4981228 5031215 5061208 5161198 5211199
TROF 6331411 6451382 6521348 6501291 6341260
TROF 6311411 6271385 6131365 6001356 5891353 5891353
TROF 5651139 5481149 5201145 4911114 4791093 4701069
TROF 6840727 6760743 6660771 6610819
STNRY 5661010 5661020 5701037 5791046 5921053 6021063 6061081
WARM 5651007 5651006 5660996 5620963 5590952 5540935 5530918
STNRY 5831214 5881224 5901236 5911249 5911264 5921278 5921283
COLD 6051081 5981087 5851113 5821144 5811162 5811191 5831210 5841216
TROF 6061080 6151076 6311049 6501043 6561043 6621048
STNRY 6460995 6561004 6651018 6681034 6661041 6631047
COLD 6611049 6551066 6511088 6451107 6381132 6341153 6311173 6331192 6381209
6541234 6641246
STNRY 6631245 6721254 6821261 6871263 6951276 7021304 7031326 7021334
WARM 5280837 5180828 5030805 4930779 4900756 4890739 4890731
OCFNT 5370826 5340828 5330829 5310831 5300833 5280837
COLD 5280837 5090871 5040890 4980919
COLD 4970919 4950929 4930948 4950976 5010991 5081002
STNRY 4490638 4500644 4540657 4550671 4560682 4560694 4580708 4580714 4580719
4600733 4610745 4580752
STNRY 4790652 4790663 4810679 4850698 4880712 4880722 4890730
TROF 4600907 4590917 4570925 4550930 4520933 4500934 4470934 4450936 4430938
4390945 4340953 4280960 4170965
COLD 7400487 7100450 6770452 6510444
TROF 7550552 7680658 7720722
COLD 6480446 6230424 5910430 5680448 5440470
TROF 6970570 6790560 6580561 6390579
OCFNT 7040572 7210548 7380534 7400489
OCFNT 8260903 8120966 7941035 7831082 7731151 7651236 7521339 7371410 7261464
7151505 6981565 6941580
STNRY 6941577 6911599 6841657 6801700 6781728 6781752 6821783
STNRY 5781422 5671434 5591435
STNRY 5581436 5491436 5371430 5251419 5141415 5021416 4821417 4701415 4531403
4381392 4251378 4071363 3921359 3841363 3771370
TROF 4811267 4621268 4461272 4351283 4241294 4111314 4041327
WARM 5210464 4900472 4790478 4630487 4500495
STNRY 6570319 6520346 6410375 6280397 6180409
TROF 4011107 3821131 3621138 3481141 3381146 3001145 2651118 2301096
COLD 5350470 5060488 4770526 4680552 4610586 4600588 4560602 4510614 4490622
4490638
STNRY 3121030 3091037 3061047 3091062 3151074 3201083 3261089 3311096 3331104
3331105 3361114 3401125 3431135 3431145
STNRY 4250811 4220822 4210831 4210843 4200860 4190869 4180880 4150888 4090894
4040899 4000907 3890935 3790952 3710963 3540981 3420991 3340995 3271000 3251004
COLD 4570754 4550757 4470768 4460769 4400779 4340787 4280803 4250810
TROF 6311416 6271436 6271463 6301491 6291515 6231541 6131552 6061556
TROF 4580753 4580770 4600790
 
$$
