
663 
ASUS01 KWBC 281943
CODSUS
 
CODED SURFACE FRONTAL POSITIONS
NWS WEATHER PREDICTION CENTER COLLEGE PARK MD
342 PM EDT MON JUN 28 2021
 
VALID 062818Z
HIGHS 1022 40107 1020 38107 1026 3877 1022 4485 1019 5573 1018 5998 1022 5397 
1017 52124 1020 61146 1019 68113 1025 50104 1017 59131 1019 51116 1022 3890 
1017 6496 1019 35105 
LOWS 1016 4593 1002 34115 1003 43123 1002 45123 1009 46118 1011 48122 1012 
33100 1011 31103 1017 4675 1015 5482 61108 1018 66105 1005 6972 1013 63141 
50121 1016 57101 1001 6241 995 6544 992 7448 998 5447 998 7056 1019 56143 
1005 44128 1013 3279 
TROF 30102 28102 27101 25100 
TROF 29110 27108 25106 24102 
TROF 2996 2897 
TROF 1895 1795 
TROF 34115 35116 36119 38121 40123 42123 
TROF 43123 44122 45120 46118 
TROF 31103 30103 30103 
STNRY WK 32100 32101 32102 31103 
TROF 66105 67105 67105 68106 69106 71103 
TROF 5482 5583 5583 5682 5983 
TROF 43123 44123 44123 45123 46122 47122 47122 48122 48123 49123 
49123 50123 50122 51121 52120 52120 
TROF 63141 64138 65135 65129 63126 
TROF 63141 63139 61136 60136 59135 59135 
TROF 56114 55115 52115 49111 48109 47107 
TROF 6873 6874 6777 6682 
STNRY WK 57101 57102 57104 58105 59105 60106 61108 
WARM WK 57101 57101 57100 5696 5695 5594 5592 
STNRY WK 58121 59122 59124 59125 59126 59128 59128 
COLD WK 61108 60109 58111 58114 58116 58119 58121 58122 
TROF 61108 62108 63105 65104 66104 66105 
STNRY WK 6599 66100 66102 67103 67104 66105 
COLD WK 66105 66107 65109 65111 64113 63115 63117 63119 64121 65123 
66125 
STNRY WK 66124 67125 68126 69126 69128 70130 70133 70133 
WARM WK 5384 5283 5081 4978 4976 4974 4973 
OCFNT WK 5483 5383 5383 5383 5383 5384 
COLD WK 5384 5187 5089 5092 
COLD WK 5092 4993 4995 4998 5099 51100 
STNRY WK 4564 4564 4566 4667 4668 4669 4671 4671 4672 4673 
4675 4675 
STNRY WK 4865 4866 4868 4970 4971 4972 4973 
TROF 4691 4692 4693 4593 4593 4593 4593 4594 4494 4494 
4395 4396 4296 
COLD WK 7449 7145 6845 6544 
TROF 7655 7766 7772 
COLD WK 6545 6242 5943 5745 5447 
TROF 7057 6856 6656 6458 
OCFNT WK 7057 7255 7453 7449 
OCFNT WK 8390 8197 79104 78108 77115 77124 75134 74141 73146 72150 
70156 69158 
STNRY WK 69158 69160 68166 68170 68173 68175 68178 
STNRY WK 58142 57143 56144 
STNRY WK 56144 55144 54143 52142 51142 50142 48142 47141 45140 44139 
42138 41136 39136 38136 38137 
TROF 48127 46127 45127 43128 42129 41131 40133 
WARM WK 5246 4947 4848 4649 4549 
STNRY WK 6632 6535 6438 6340 6241 
TROF 40111 38113 36114 35114 34115 30115 26112 23110 
COLD WK 5447 5149 4853 4755 4659 4659 4660 4561 4562 4564 
STNRY WK 31103 31104 31105 31106 32107 32108 33109 33110 33110 33110 
34111 34113 34113 34114 
STNRY WK 4381 4282 4283 4284 4286 4287 4288 4189 4189 4090 
4091 3993 3895 3796 3598 3499 33100 33100 33100 
COLD WK 4675 4576 4577 4577 4478 4379 4380 4381 
TROF 63142 63144 63146 63149 63151 62154 61155 61156 
TROF 4675 4677 4679 
 
$$

